24.56
25.54
24.29
24.11
23.85
23.67
23.41
23.67
23.32
23.05
22.08
28.97
20.24
21.38
22.35
22.35
22.7
22.7
23.58
23.23
22.08
22.61
25.0
23.23
24.11
23.67
22.79
22.88
22.17
22.17
21.47
21.38
22.08
22.88
22.35
21.91
22.7
20.33
16.21
13.21
17.09
20.85
18.84
21.73
24.02
24.73
26.07
27.79
27.79
30.18
28.24
23.41
24.73
26.79
22.88
23.93
22.7
23.23
24.02
23.32
23.49
24.02
22.26
22.0
23.49
22.26
22.79
21.73
22.17
22.17
23.49
21.12
22.0
23.93
23.67
23.76
24.02
23.23
23.85
23.67
23.58
28.33
24.64
20.68
20.59
21.64
21.73
21.91
22.0
23.58
22.44
22.96
25.54
23.14
23.41
23.49
19.63
24.38
24.29
23.67
24.73
23.41
22.7
21.47
20.85
21.91
19.8
23.14
18.93
18.93
10.78
6.42
13.47
13.92
13.21
12.67
6.7
8.3
10.51
12.22
11.41
18.49
17.27
20.24
20.07
17.27
17.35
19.37
20.42
18.93
22.44
18.4
11.86
10.69
10.51
10.96
13.56
14.98
15.77
45.51
33.2
28.79
20.24
26.16
23.49
25.09
22.7
23.85
26.34
26.7
23.93
22.44
26.52
32.72
22.52
21.73
26.52
23.76
22.79
24.64
25.0
24.47
25.0
23.85
25.8
23.05
22.96
22.88
22.96
23.58
23.14
26.52
28.88
25.71
28.24
20.94
21.73
22.26
22.96
22.35
23.23
22.52
22.08
31.01
22.0
10.78
19.72
18.49
21.73
21.64
33.3
28.33
23.23
21.82
23.14
28.15
23.85
21.64
25.27
26.7
22.7
20.15
21.38
21.82
26.43
25.36
20.68
43.52
26.07
39.45
23.41
33.11
27.06
28.61
21.73
25.18
23.76
27.79
25.27
25.45
24.38
22.7
25.27
21.64
21.47
22.96
22.88
21.91
23.58
21.56
25.0
23.93
24.38
22.79
22.26
22.26
23.58
23.14
20.94
20.59
19.37
-6.31
3.29
43.07
33.11
29.71
27.88
26.97
6.61
17.88
19.1
13.12
11.5
28.52
21.82
25.18
36.75
30.27
25.89
26.07
25.98
24.91
25.0
23.41
24.91
23.58
23.93
23.85
24.02
23.05
24.82
22.44
21.03
22.88
22.79
23.05
23.23
22.96
24.64
24.56
22.08
22.7
22.61
22.96
23.05
23.23
23.23
23.05
22.79
22.79
22.7
22.61
22.17
22.26
22.79
22.96
23.49
23.41
23.23
23.23
23.41
23.41
22.7
23.23
23.14
22.96
22.7
22.44
22.35
22.44
22.79
22.88
22.88
23.05
23.14
23.23
23.32
22.88
23.14
23.14
22.79
22.79
22.35
22.35
21.47
19.1
21.29
21.56
22.0
22.26
22.35
22.79
22.52
21.73
20.33
22.0
21.29
22.35
23.05
23.14
21.82
22.79
21.03
22.96
22.35
5.55
9.87
10.87
14.8
21.03
22.08
22.52
22.88
23.67
23.67
23.58
23.32
22.96
23.32
23.23
23.23
23.05
22.96
22.61
21.64
22.52
22.44
22.88
23.32
23.67
27.33
24.47
23.49
22.79
25.0
24.56
27.79
13.83
13.65
19.8
21.73
20.59
22.96
21.29
19.89
17.27
31.3
25.09
22.17
24.47
27.15
25.98
22.96
24.64
25.89
21.91
14.54
25.45
15.24
15.69
19.37
20.24
20.85
21.21
23.14
25.54
10.78
15.95
15.86
23.14
18.84
21.56
21.64
24.82
19.72
22.7
24.29
23.58
22.0
23.85
24.47
24.64
21.03
90.83
55.37
-0.33
15.16
20.85
21.38
22.61
23.93
24.38
24.29
24.64
24.73
24.73
24.82
23.67
24.29
23.85
24.82
23.67
23.67
25.54
24.2
24.64
24.56
24.29
24.11
23.49
23.05
22.88
23.32
23.23
22.7
22.79
23.41
23.41
24.02
22.7
25.18
24.73
25.45
22.26
20.68
18.93
20.24
-4.85
3.39
21.29
30.18
23.93
22.52
31.01
26.7
25.98
20.85
21.21
22.0
23.14
49.88
23.93
19.72
16.3
14.98
16.83
20.5
18.58
18.58
22.08
21.47
19.54
28.24
22.52
25.18
21.12
20.68
21.91
21.73
23.14
23.76
24.38
24.2
24.2
24.56
23.41
29.07
22.52
25.45
28.06
32.62
28.97
27.61
37.88
37.06
26.97
27.33
27.7
22.96
23.41
23.14
28.24
24.47
25.45
23.41
22.61
24.11
22.26
32.82
24.73
24.56
25.0
21.82
22.0
22.96
22.7
23.76
26.25
22.44
20.94
21.21
29.34
26.25
21.21
21.91
24.64
23.85
23.58
24.11
22.96
21.64
23.23
20.59
22.35
23.58
19.89
20.85
21.29
20.85
21.47
21.91
22.35
22.44
22.52
22.7
23.41
23.32
23.32
27.33
24.38
23.76
24.11
23.93
23.14
22.08
21.12
21.91
19.63
16.21
18.67
20.59
21.21
20.94
20.5
21.47
21.64
20.68
23.49
22.79
23.67
23.67
23.76
23.58
22.96
23.32
23.05
23.23
23.23
23.32
23.49
23.67
23.67
23.76
23.58
23.85
23.85
23.85
23.85
24.02
23.32
22.88
23.05
22.44
22.0
21.91
23.32
22.79
22.08
22.26
22.44
26.25
22.08
22.52
22.44
22.88
22.88
22.35
22.44
21.82
22.35
22.26
22.35
22.79
23.41
23.49
22.79
22.17
22.26
22.61
22.96
23.05
23.05
23.05
22.79
21.47
21.82
22.52
22.44
22.52
22.96
23.49
22.88
22.61
23.05
23.93
25.98
27.52
23.23
21.73
22.52
22.88
22.88
23.05
22.61
22.61
22.61
22.96
23.14
22.17
21.64
22.26
22.0
22.79
22.52
23.23
22.61
21.47
22.26
22.61
23.23
23.05
22.7
22.61
22.52
22.7
22.26
22.17
22.44
23.05
22.0
21.56
20.85
21.12
21.38
21.64
22.0
21.91
22.79
22.35
22.17
22.0
22.0
22.35
22.35
21.38
21.64
21.91
22.26
23.14
23.23
23.05
23.41
22.96
22.88
22.96
22.61
23.05
23.23
22.88
22.52
21.91
21.91
22.44
21.91
22.08
22.0
22.17
22.61
23.58
22.61
22.17
22.44
22.35
22.35
23.14
23.76
25.18
24.02
23.23
20.42
20.85
20.15
20.59
21.12
20.94
17.62
18.84
20.15
20.77
21.21
21.29
21.47
22.17
21.47
22.17
22.17
23.58
24.11
24.82
25.27
25.8
27.61
27.15
24.2
23.58
22.52
23.41
23.85
23.85
23.93
24.29
23.76
24.56
25.62
25.89
26.07
25.09
25.0
24.73
24.47
23.76
23.23
22.26
22.44
22.7
23.23
22.96
23.05
22.44
22.44
22.96
23.85
22.52
23.67
22.96
23.58
23.49
23.41
24.47
21.47
22.17
22.44
22.35
22.96
23.14
23.23
22.79
22.0
20.24
20.85
22.88
23.58
24.02
24.02
23.93
21.82
23.93
24.82
24.11
23.93
25.0
24.82
24.82
25.18
24.29
23.14
23.05
23.58
22.52
20.85
22.0
21.12
19.54
19.37
19.89
20.15
21.64
22.35
22.52
21.29
23.23
22.26
23.67
23.49
22.88
23.23
23.14
23.41
23.58
24.11
26.25
25.71
25.09
24.47
23.49
23.32
22.96
22.96
22.61
24.02
22.17
24.82
28.24
29.25
28.88
27.33
26.97
26.52
26.07
25.54
25.0
24.47
24.29
24.11
24.29
23.05
23.58
19.89
19.37
18.75
17.7
18.14
18.32
19.45
18.49
19.1
19.98
21.29
21.91
17.7
20.94
21.21
22.26
25.0
24.91
23.32
24.11
24.02
23.58
19.19
20.5
21.03
22.79
22.08
21.64
22.52
22.52
25.0
25.8
24.47
23.76
21.64
20.59
20.07
18.93
18.75
17.97
16.65
18.32
20.77
21.91
21.29
23.41
23.05
22.08
22.26
19.1
19.54
19.98
20.5
21.64
21.12
21.38
22.0
27.61
22.17
22.0
22.35
20.24
20.33
19.45
19.1
20.33
21.47
23.14
24.91
23.85
23.05
24.2
25.0
25.98
24.38
24.02
22.7
22.44
22.61
22.44
22.17
22.35
23.76
23.23
22.61
23.05
22.35
21.38
21.38
21.38
21.29
21.73
22.35
23.41
22.7
23.32
24.91
25.98
26.43
26.52
25.89
25.62
24.91
24.56
24.11
23.93
23.49
23.58
23.67
23.58
23.67
23.67
23.49
23.49
23.58
23.32
22.96
22.52
23.05
22.61
22.44
22.79
22.26
21.38
22.52
22.44
22.7
22.88
23.14
23.05
23.14
23.23
22.61
21.82
21.82
20.07
19.19
19.1
18.58
20.94
22.44
24.82
25.54
23.85
24.82
24.02
23.05
23.23
22.88
23.41
23.32
23.93
24.02
23.05
24.2
23.32
30.27
23.23
11.41
10.69
11.95
11.23
12.4
13.74
14.8
15.86
18.49
20.94
21.64
22.26
22.61
23.14
23.05
23.32
21.82
21.56
22.35
20.77
19.63
21.47
23.58
22.52
24.64
24.73
21.64
24.56
23.67
24.29
26.16
31.58
27.97
27.06
27.52
28.52
28.15
27.61
26.52
26.34
24.91
23.93
22.7
23.41
23.32
23.23
20.33
20.59
19.63
18.84
21.56
21.38
20.94
24.02
24.64
24.82
24.91
24.82
22.88
22.0
22.44
22.61
22.96
23.05
22.96
23.05
23.14
23.14
23.14
21.38
19.19
19.45
22.0
22.35
23.41
22.7
22.61
21.38
22.0
21.03
21.38
22.52
22.96
23.32
23.41
23.49
23.41
23.32
24.2
23.14
19.63
23.32
23.05
23.32
23.14
22.96
22.7
22.79
22.26
22.52
22.17
22.7
22.35
21.56
21.82
22.7
22.7
22.96
23.05
23.05
23.32
23.32
23.32
23.41
22.0
21.56
21.64
21.29
21.64
21.38
22.0
22.0
22.17
22.44
22.79
24.11
24.47
22.7
23.76
23.85
23.85
23.76
23.85
23.93
23.05
22.17
22.0
22.17
22.08
22.0
21.82
21.73
22.08
22.17
22.52
22.61
22.88
22.96
22.79
22.79
23.05
23.41
23.76
23.93
24.11
24.11
23.93
23.85
23.32
23.05
22.96
22.88
22.88
22.88
22.88
23.05
23.14
23.32
23.32
23.41
23.49
23.49
23.41
23.41
23.41
23.41
23.32
23.32
23.23
23.05
22.88
22.79
22.7
22.7
22.7
22.96
23.14
23.14
23.14
23.23
23.32
23.49
23.49
23.41
23.58
23.67
23.67
23.49
23.32
23.14
23.05
22.96
23.05
23.14
23.23
23.32
23.41
23.41
23.41
23.41
23.32
23.41
23.32
23.23
23.23
23.05
22.88
22.61
22.7
22.61
22.88
23.14
23.23
23.41
23.49
23.49
23.49
23.49
23.41
23.23
23.05
22.88
22.7
22.61
22.61
22.61
22.61
22.7
23.05
23.05
23.32
23.05
23.05
23.05
22.88
22.88
22.88
23.05
22.88
22.7
22.44
22.61
22.61
22.52
22.52
22.52
22.61
22.61
22.7
22.7
22.88
22.7
22.35
22.88
23.41
23.49
23.49
23.32
23.32
22.52
22.08
22.17
22.44
22.52
22.44
22.79
22.88
22.44
22.17
21.91
22.26
24.02
27.15
28.88
28.06
26.79
25.89
25.0
24.29
24.29
24.2
23.67
23.49
23.32
23.14
22.7
21.38
21.38
22.0
20.77
21.64
21.12
21.82
22.08
22.52
21.47
22.79
23.14
22.61
22.7
22.88
22.96
22.96
22.96
23.23
23.23
23.14
23.32
23.41
21.91
20.68
21.82
17.44
15.16
15.86
17.44
18.67
19.89
21.03
21.91
22.35
22.7
23.05
23.32
23.49
23.67
23.76
23.76
23.93
23.93
23.85
23.67
23.58
23.32
23.23
23.49
23.41
23.41
23.67
23.76
23.93
24.11
24.11
24.11
24.02
24.11
23.93
23.76
23.67
23.58
23.41
23.76
21.56
21.21
22.0
22.26
22.61
22.7
22.88
22.96
22.96
23.14
23.23
23.58
23.49
24.29
24.91
24.82
24.38
23.32
22.96
23.58
23.76
22.96
23.05
24.64
23.93
23.67
23.67
23.32
23.58
23.93
26.52
27.88
27.06
26.61
25.8
25.0
25.45
25.09
24.2
23.93
23.58
23.67
23.49
23.23
23.14
22.88
22.35
22.35
22.08
22.26
22.44
22.26
21.91
21.64
21.64
22.08
22.26
22.35
22.17
22.52
22.44
22.26
23.05
22.88
23.23
23.14
23.05
23.05
22.96
22.88
22.7
22.88
22.52
22.61
22.44
22.26
22.35
22.26
22.17
22.0
22.08
22.26
22.26
22.26
22.61
22.88
22.79
22.79
22.7
22.7
22.7
22.7
22.88
23.14
22.88
22.88
22.88
22.79
22.61
22.61
22.26
22.17
22.26
22.17
21.82
22.08
22.35
22.35
22.35
22.44
22.52
22.61
22.79
22.79
22.61
23.58
23.85
23.85
23.58
23.14
22.96
23.05
22.88
22.96
23.23
22.96
23.05
22.96
22.88
22.79
22.52
22.52
22.35
22.35
22.08
22.08
22.44
22.44
22.61
22.35
22.61
22.7
22.79
22.7
22.88
23.05
22.96
22.96
22.96
22.88
22.88
22.35
22.0
22.26
23.14
23.85
23.85
23.85
23.14
24.56
22.26
17.44
8.11
5.46
7.27
8.76
10.14
11.14
11.5
10.23
11.77
13.03
13.74
17.97
22.17
23.05
21.82
21.64
23.67
18.14
16.3
17.09
18.23
19.8
20.07
21.82
19.89
18.49
18.32
9.5
-0.76
2.28
5.07
8.76
9.87
17.62
22.7
23.32
25.54
30.45
28.52
29.53
31.49
30.64
30.92
31.58
32.24
31.3
28.88
28.61
28.52
27.97
27.52
27.52
25.62
27.52
27.33
25.98
25.18
25.98
25.45
25.09
24.56
23.76
23.85
24.02
22.44
25.45
24.56
24.56
23.93
23.85
22.96
24.38
25.09
24.47
23.76
24.2
23.93
23.41
22.61
22.35
22.52
22.52
22.79
23.32
22.88
22.52
22.26
22.44
22.61
22.96
22.7
22.7
23.41
24.82
25.18
25.09
27.33
28.24
25.36
22.26
21.64
21.56
22.35
25.36
27.24
27.42
26.34
24.91
24.91
24.73
24.38
23.58
22.96
23.05
23.05
22.52
21.91
21.73
21.64
21.38
21.82
22.08
21.91
21.64
22.7
23.41
23.76
22.79
22.35
22.88
22.35
21.64
21.56
21.82
23.23
23.23
23.14
23.05
23.23
23.85
21.91
17.97
14.98
14.27
15.33
16.83
18.4
19.8
20.24
20.59
20.94
21.64
22.08
22.61
22.79
22.88
22.96
22.96
23.05
23.14
23.23
23.23
23.14
23.14
23.14
23.14
23.23
23.32
23.76
23.85
23.76
23.76
23.76
23.85
23.93
23.93
23.76
23.58
23.32
23.14
23.05
22.96
23.14
23.23
23.32
23.41
23.41
23.41
23.41
23.41
23.32
23.32
23.23
23.14
23.23
23.14
22.96
22.79
22.7
22.44
22.17
22.35
22.52
22.88
22.96
23.05
23.14
23.14
23.23
23.58
23.93
23.93
23.85
23.76
23.49
23.32
23.05
22.96
23.05
22.79
22.52
22.7
22.96
23.05
23.05
23.14
23.23
23.23
23.32
23.32
23.23
23.23
23.23
23.23
23.23
23.05
22.79
22.79
22.61
22.7
22.7
22.7
22.7
22.88
22.96
23.05
23.14
23.23
23.23
23.32
23.32
23.23
23.14
23.05
22.79
22.88
22.88
22.79
22.44
22.44
22.35
22.44
22.88
23.05
22.96
23.05
23.23
23.14
22.44
22.44
22.88
22.52
22.7
23.14
23.14
22.7
22.88
22.08
22.0
21.91
22.79
23.14
23.32
23.76
23.93
24.02
23.85
23.41
23.58
23.49
23.67
23.58
23.32
22.96
22.35
22.79
22.7
22.7
22.52
22.61
22.7
22.96
23.05
23.14
23.32
23.32
23.32
23.32
23.76
23.41
23.41
22.61
22.17
22.17
22.0
21.73
22.44
22.7
23.23
23.05
23.14
23.14
23.23
22.7
21.21
21.47
20.42
22.08
15.86
14.71
17.35
18.84
20.42
23.23
22.08
23.05
23.41
24.2
24.73
23.14
21.64
22.52
25.98
27.61
25.54
25.27
25.27
24.73
24.47
24.29
24.2
24.2
24.11
23.85
23.85
23.67
23.32
23.41
23.32
23.05
23.05
23.05
23.23
23.32
23.41
23.14
23.58
23.41
23.32
23.32
23.32
23.14
22.88
22.61
22.35
22.35
22.7
22.96
23.23
23.32
23.67
23.76
23.58
23.49
23.41
23.41
23.32
23.14
23.05
22.88
22.7
22.61
22.17
22.26
22.44
22.52
22.96
23.14
23.14
23.23
23.23
23.23
23.32
23.23
23.23
23.32
23.14
23.23
23.32
22.88
22.79
22.61
22.52
22.44
22.35
22.17
22.17
22.44
22.35
22.52
22.96
23.32
23.41
23.32
23.32
23.23
23.32
23.32
23.41
22.96
23.14
23.14
23.49
23.85
23.76
23.85
23.76
23.49
23.05
22.88
22.26
22.61
21.73
22.0
22.35
23.05
23.41
23.49
22.35
22.26
21.91
22.26
22.96
23.32
23.32
23.67
23.76
23.76
23.76
23.14
22.96
22.96
22.61
22.7
23.05
22.35
22.88
22.88
22.88
22.0
22.35
22.44
22.7
23.32
23.41
23.41
23.05
22.79
23.14
22.7
22.17
22.52
22.79
22.96
22.44
22.17
22.08
22.44
22.17
22.96
23.23
23.58
22.08
23.76
23.49
23.41
22.96
21.91
22.08
22.88
21.91
20.77
22.08
21.56
21.64
21.64
22.17
22.52
24.11
24.82
25.09
24.82
23.85
24.11
23.49
23.14
22.35
25.0
22.08
22.35
22.35
19.54
22.44
24.73
20.33
20.59
17.35
14.01
13.3
13.92
16.83
19.45
21.03
21.82
22.52
22.96
23.32
23.49
23.58
23.67
23.58
23.49
23.49
23.41
23.58
23.93
24.56
24.91
25.0
25.0
25.09
25.45
25.89
27.88
24.64
24.56
20.77
22.61
23.93
22.0
23.67
26.16
25.18
23.23
22.96
24.2
25.18
24.11
22.0
23.23
24.38
25.27
23.49
23.93
24.29
22.35
23.05
22.52
22.08
21.64
22.52
22.0
23.41
23.76
23.76
24.02
23.76
24.29
24.47
24.02
23.93
21.91
23.32
24.73
24.64
24.02
21.56
23.49
22.08
20.33
21.64
21.29
21.29
22.7
23.93
23.49
22.52
22.88
22.88
22.44
23.05
23.93
23.85
23.67
23.93
23.85
23.85
22.52
22.08
23.05
23.23
22.88
23.14
23.49
22.7
22.7
22.35
22.88
22.88
22.61
22.7
22.08
22.61
23.14
22.88
21.73
21.91
22.79
21.91
23.23
22.44
23.67
23.23
23.93
26.07
28.15
27.42
26.43
24.91
23.67
22.52
22.61
22.61
22.44
22.44
22.52
23.05
22.96
22.44
22.88
22.0
21.73
22.61
22.7
22.35
22.88
22.44
23.23
23.85
23.23
23.05
23.49
23.05
23.67
22.88
21.29
22.17
22.26
22.88
23.41
22.7
22.26
21.38
21.56
22.0
23.23
23.32
24.56
22.52
23.23
24.47
24.29
24.2
23.85
22.0
21.38
21.91
21.64
22.17
22.17
22.88
22.61
22.96
23.23
22.96
23.14
22.61
21.82
22.88
23.32
22.96
23.49
23.05
23.67
23.14
22.96
22.0
22.7
22.79
23.49
22.52
22.26
20.68
20.59
19.45
20.07
20.15
20.5
20.33
22.7
22.61
19.45
18.67
20.15
20.85
21.12
21.38
21.64
21.82
22.0
21.82
23.93
24.2
21.56
22.0
23.58
23.41
21.91
23.67
23.67
20.5
20.85
20.07
20.59
21.29
19.19
18.23
21.21
19.63
20.94
22.08
19.37
21.82
21.91
21.82
23.05
21.21
21.47
23.32
21.56
21.82
23.76
21.73
21.03
23.32
21.38
21.21
20.85
20.85
22.7
23.93
22.08
23.23
24.73
22.0
24.38
23.14
23.93
24.64
22.17
23.93
23.67
22.96
23.14
24.02
25.36
24.64
23.23
26.25
26.34
26.07
25.54
26.52
27.61
26.88
25.45
27.7
26.52
25.09
24.73
24.64
24.38
24.38
24.47
24.2
23.85
23.76
23.58
23.32
23.14
22.96
22.88
22.96
23.05
22.52
22.35
22.61
22.52
22.26
22.08
22.26
21.12
22.17
22.79
23.93
24.82
24.56
25.54
26.34
24.82
24.64
24.2
23.76
22.61
22.26
22.26
20.33
21.29
21.21
21.12
20.94
24.29
23.05
21.56
22.35
23.05
24.02
23.93
22.7
22.61
23.23
23.76
22.88
22.26
22.17
21.56
21.21
21.38
21.91
22.52
22.52
22.79
23.05
22.0
21.38
21.73
22.26
22.17
22.79
23.14
22.96
23.23
24.11
24.38
24.11
22.17
22.17
19.54
22.88
22.44
22.35
22.79
22.7
22.44
21.38
21.56
22.44
22.79
23.85
23.49
23.14
22.7
22.88
23.14
22.96
22.96
22.96
23.14
23.14
22.96
23.49
23.49
22.26
22.79
23.14
23.05
22.61
22.79
22.96
22.96
22.96
22.96
23.05
22.88
22.17
22.52
22.44
22.52
22.79
22.61
23.58
23.93
22.52
23.05
23.49
23.67
23.58
23.49
23.41
22.44
22.0
22.17
22.52
22.79
23.05
25.98
26.16
28.97
30.74
28.97
27.88
25.62
25.45
25.54
23.41
24.82
23.32
23.85
22.26
23.58
21.82
22.17
23.32
22.79
23.14
22.88
22.61
22.44
22.17
26.7
13.65
6.13
7.27
8.76
9.69
10.51
11.14
11.77
11.68
11.59
11.86
12.4
12.13
11.77
11.95
11.95
11.86
11.77
11.5
11.5
11.32
11.23
11.23
11.41
11.32
11.5
11.59
11.68
11.68
11.77
11.77
12.04
12.31
13.21
16.48
22.0
22.17
20.5
21.56
20.85
22.35
19.45
19.1
19.8
19.37
28.61
15.69
-0.44
5.94
7.65
22.79
24.91
24.91
23.85
23.85
24.91
24.82
24.02
24.91
22.79
22.26
24.38
23.76
19.28
23.76
19.1
0.52
4.78
11.59
17.97
17.53
16.74
18.4
19.1
19.72
17.97
17.79
18.67
20.07
21.21
22.0
22.7
17.27
2.28
1.87
3.09
3.09
4.87
10.6
12.58
13.92
14.8
16.56
20.33
21.29
21.64
22.0
22.79
22.79
23.85
23.76
24.29
25.45
24.38
24.29
24.2
23.49
24.29
24.73
25.09
24.64
23.93
23.05
22.0
21.91
22.35
22.26
22.26
22.88
23.41
26.16
26.52
25.54
25.54
25.0
24.73
24.02
24.11
23.85
23.76
23.67
23.76
23.85
23.85
23.41
21.82
22.08
22.44
23.05
23.05
23.49
23.85
23.85
24.02
24.56
24.11
24.11
23.93
23.93
23.85
23.76
23.67
24.11
22.79
23.58
22.44
22.52
22.61
22.96
23.76
21.21
21.03
21.38
21.73
21.47
21.29
22.26
22.79
23.14
23.49
23.58
23.67
23.93
23.93
24.11
24.2
24.29
24.11
23.93
24.38
25.36
24.02
23.67
23.58
23.49
23.49
23.41
24.2
28.7
28.97
30.74
30.27
29.53
29.25
29.16
28.97
27.97
27.33
26.43
25.0
24.82
25.36
25.8
25.54
25.09
24.64
24.02
23.67
22.96
22.52
22.7
22.7
23.49
22.88
22.96
22.88
22.61
21.38
20.94
21.91
24.02
23.49
24.29
24.29
23.93
24.29
24.38
22.26
23.93
24.82
23.93
23.58
23.23
23.05
22.08
21.29
20.5
21.03
21.91
22.26
22.52
22.7
22.79
22.88
22.7
22.44
22.44
22.7
22.79
22.96
23.05
23.14
23.32
23.58
24.11
23.49
23.32
23.14
23.05
22.88
22.79
22.7
22.7
22.52
22.08
21.56
21.56
21.82
22.08
21.03
21.03
21.12
21.03
21.38
21.47
21.56
22.7
22.44
22.35
22.44
22.61
22.88
22.79
23.05
22.96
22.88
22.79
22.61
22.35
22.44
22.35
22.35
22.44
22.61
22.96
23.14
23.58
24.11
24.02
23.58
